5 181
5 67
5 190
5 217
5 211
5 166
5 157
5 115
5 150
5 176
5 108
5 223
5 170
5 17
5 128
5 178
5 231
5 207
5 184
5 60
5 236
5 105
5 64
5 80
5 97
5 107
5 63
5 163
5 86
5 113
5 227
5 127
5 102
5 30
5 142
5 24
5 144
5 202
5 205
5 126
5 120
5 48
5 229
5 90
5 188
5 25
5 84
5 4
5 8
5 213
5 43
5 110
5 148
5 29
5 77
5 23
5 168
5 152
5 54
5 174
5 143
5 121
5 117
5 79
5 161
5 12
5 175
5 103
5 222
5 132
5 136
5 39
5 226
5 81
5 200
5 146
5 56
5 137
5 28
5 101
5 10
5 165
5 125
5 89
5 62
5 75
5 235
5 199
5 13
5 233
5 68
5 208
5 228
5 116
5 69
5 210
5 83
5 57
5 218
5 232
5 53
5 164
5 194
5 92
5 140
5 237
5 5
5 240
5 204
5 49
5 96
5 135
5 26
5 98
5 33
5 88
5 21
5 73
5 87
5 16
5 192
5 203
5 221
5 93
5 183
5 151
5 149
5 74
5 70
5 72
5 15
5 32
5 173
5 177
5 159
5 154
5 209
5 94
5 182
5 40
5 71
5 133
5 44
5 225
5 85
5 11
5 95
5 112
5 35
5 230
5 22
5 20
5 111
5 100
5 37
5 7
5 52
5 78
5 160
5 61
5 186
5 196
5 130
5 193
5 216
5 220
5 45
5 156
5 59
5 215
5 104
5 187
5 129
5 91
5 50
5 224
5 172
5 66
5 179
5 214
5 145
5 138
5 197
5 42
5 180
5 106
5 3
5 18
5 1
5 123
5 169
5 239
5 131
5 171
5 219
5 2
5 99
5 14
5 65
5 76
5 114
5 198
5 46
5 212
5 191
5 119
5 19
5 134
5 31
5 55
5 47
5 41
5 155
5 147
5 153
5 9
5 6
5 206
5 139
5 124
5 58
5 122
5 238
5 162
5 234
5 189
5 118
5 158
5 38
5 201
5 141
5 51
5 185
5 36
5 82
5 167
5 109
5 34
5 27
5 195
6 342
6 425
6 332
6 298
6 382
6 398
6 340
6 410
6 374
6 269
6 403
6 318
6 370
6 461
6 311
6 339
6 337
6 360
6 271
6 477
6 459
6 297
6 383
6 379
6 245
6 277
6 295
6 412
6 407
6 479
6 369
6 465
6 283
6 272
6 467
6 336
6 441
6 334
6 428
6 460
6 453
6 463
6 265
6 303
6 371
6 430
6 287
6 349
6 251
6 314
6 409
6 394
6 418
6 366
6 406
6 313
6 385
6 312
6 257
6 437
6 472
6 417
6 411
6 242
6 308
6 322
6 359
6 328
6 361
6 306
6 356
6 284
6 387
6 454
6 365
6 357
6 301
6 386
6 445
6 470
6 260
6 281
6 404
6 420
6 255
6 391
6 462
6 373
6 262
6 246
6 448
6 333
6 247
6 324
6 436
6 335
6 244
6 275
6 243
6 276
6 293
6 446
6 451
6 304
6 429
6 344
6 367
6 289
6 307
6 476
6 442
6 384
6 427
6 456
6 317
6 393
6 447
6 296
6 415
6 381
6 343
6 474
6 466
6 444
6 401
6 267
6 368
6 282
6 268
6 355
6 396
6 389
6 345
6 392
6 256
6 323
6 258
6 347
6 416
6 449
6 250
6 443
6 400
6 433
6 424
6 300
6 352
6 471
6 423
6 350
6 413
6 455
6 331
6 241
6 315
6 376
6 309
6 419
6 452
6 249
6 290
6 435
6 458
6 291
6 329
6 408
6 252
6 321
6 330
6 294
6 280
6 353
6 253
6 440
6 475
6 325
6 405
6 316
6 320
6 338
6 354
6 402
6 358
6 378
6 326
6 372
6 362
6 292
6 346
6 273
6 310
6 263
6 432
6 457
6 261
6 274
6 397
6 278
6 254
6 364
6 377
6 259
6 286
6 288
6 414
6 348
6 421
6 319
6 422
6 302
6 434
6 351
6 388
6 450
6 341
6 395
6 264
6 464
6 363
6 279
6 473
6 468
6 469
6 380
6 305
6 431
6 478
6 426
6 439
6 480
6 327
6 266
6 270
6 299
6 375
6 399
6 438
6 285
6 248
6 390
7 498
7 670
7 547
7 570
7 697
7 491
7 656
7 577
7 616
7 710
7 601
7 705
7 575
7 718
7 639
7 484
7 598
7 566
7 490
7 706
7 500
7 519
7 642
7 509
7 606
7 707
7 524
7 560
7 625
7 638
7 590
7 674
7 654
7 610
7 581
7 627
7 660
7 578
7 653
7 561
7 594
7 600
7 696
7 520
7 580
7 510
7 666
7 535
7 591
7 542
7 689
7 503
7 523
7 494
7 587
7 532
7 720
7 658
7 554
7 650
7 671
7 571
7 595
7 661
7 673
7 651
7 614
7 526
7 514
7 521
7 488
7 502
7 609
7 709
7 662
7 704
7 632
7 621
7 702
7 687
7 619
7 513
7 531
7 665
7 538
7 565
7 641
7 604
7 534
7 711
7 499
7 680
7 648
7 672
7 693
7 515
7 699
7 715
7 522
7 695
7 602
7 492
7 700
7 698
7 716
7 620
7 599
7 543
7 615
7 605
7 649
7 576
7 562
7 593
7 694
7 588
7 669
7 683
7 489
7 612
7 481
7 645
7 677
7 546
7 623
7 572
7 712
7 574
7 647
7 691
7 622
7 541
7 701
7 525
7 485
7 486
7 652
7 517
7 676
7 611
7 629
7 668
7 685
7 675
7 573
7 688
7 657
7 607
7 536
7 527
7 585
7 556
7 681
7 568
7 643
7 690
7 659
7 644
7 511
7 553
7 717
7 493
7 663
7 635
7 597
7 583
7 496
7 540
7 497
7 608
7 533
7 603
7 508
7 505
7 636
7 582
7 507
7 584
7 552
7 655
7 630
7 713
7 482
7 589
7 631
7 613
7 684
7 679
7 512
7 633
7 667
7 563
7 714
7 686
7 528
7 567
7 708
7 634
7 628
7 549
7 530
7 539
7 626
7 640
7 592
7 564
7 529
7 624
7 504
7 703
7 550
7 646
7 664
7 495
7 586
7 678
7 557
7 518
7 617
7 501
7 555
7 559
7 487
7 506
7 544
7 596
7 558
7 548
7 719
7 483
7 579
7 682
7 692
7 551
7 516
7 545
7 537
7 637
7 569
7 618
8 767
8 838
8 770
8 857
8 936
8 944
8 812
8 924
8 813
8 943
8 955
8 752
8 782
8 783
8 843
8 784
8 791
8 833
8 873
8 826
8 733
8 853
8 905
8 904
8 858
8 773
8 916
8 855
8 810
8 874
8 795
8 834
8 726
8 878
8 880
8 738
8 937
8 950
8 723
8 866
8 737
8 730
8 910
8 763
8 872
8 954
8 778
8 882
8 902
8 928
8 911
8 892
8 804
8 856
8 821
8 780
8 797
8 754
8 903
8 768
8 851
8 898
8 870
8 956
8 942
8 829
8 776
8 789
8 947
8 953
8 948
8 931
8 957
8 850
8 889
8 869
8 917
8 920
8 807
8 802
8 748
8 793
8 786
8 788
8 876
8 818
8 930
8 890
8 822
8 958
8 764
8 875
8 741
8 867
8 771
8 790
8 927
8 951
8 817
8 841
8 808
8 941
8 864
8 929
8 827
8 885
8 842
8 794
8 914
8 959
8 747
8 799
8 765
8 871
8 906
8 913
8 901
8 848
8 945
8 819
8 840
8 884
8 746
8 779
8 811
8 852
8 774
8 801
8 809
8 854
8 940
8 828
8 803
8 946
8 749
8 926
8 899
8 919
8 721
8 897
8 886
8 949
8 755
8 758
8 728
8 923
8 861
8 740
8 820
8 836
8 849
8 835
8 724
8 879
8 839
8 772
8 756
8 800
8 952
8 938
8 891
8 830
8 925
8 787
8 753
8 805
8 933
8 815
8 814
8 887
8 792
8 909
8 862
8 736
8 732
8 860
8 895
8 766
8 761
8 725
8 912
8 760
8 863
8 845
8 888
8 796
8 722
8 868
8 907
8 894
8 734
8 893
8 759
8 935
8 824
8 865
8 750
8 751
8 921
8 729
8 762
8 918
8 775
8 806
8 785
8 847
8 877
8 769
8 900
8 846
8 859
8 745
8 915
8 739
8 908
8 831
8 844
8 881
8 781
8 727
8 960
8 825
8 742
8 735
8 731
8 837
8 932
8 798
8 939
8 757
8 816
8 922
8 777
8 743
8 744
8 823
8 883
8 896
8 934
8 832
9 1000
9 1095
9 1152
9 1195
9 1158
9 1008
9 1191
9 1189
9 1032
9 992
9 1187
9 1092
9 975
9 1184
9 1057
9 993
9 1192
9 1124
9 1126
9 1164
9 982
9 964
9 1080
9 995
9 1103
9 1180
9 1175
9 980
9 1181
9 1091
9 1094
9 983
9 1009
9 1198
9 1122
9 1087
9 1132
9 1200
9 1058
9 1162
9 1025
9 1040
9 970
9 1161
9 968
9 963
9 969
9 1135
9 1119
9 1179
9 1151
9 1112
9 1100
9 1051
9 1130
9 1064
9 1193
9 1042
9 1050
9 1026
9 1018
9 1055
9 1023
9 1196
9 1024
9 974
9 1153
9 1174
9 1107
9 1154
9 1131
9 1125
9 1188
9 1074
9 1084
9 1030
9 1118
9 1090
9 1155
9 1046
9 1041
9 1120
9 1145
9 1059
9 1108
9 1068
9 1013
9 990
9 1029
9 1088
9 1089
9 985
9 1079
9 1069
9 1097
9 1172
9 1047
9 977
9 1199
9 961
9 1173
9 1194
9 984
9 979
9 1190
9 1049
9 1043
9 1117
9 1137
9 1121
9 1138
9 1073
9 1096
9 999
9 994
9 1070
9 966
9 1061
9 1027
9 1143
9 1160
9 1035
9 1163
9 996
9 1028
9 1083
9 1017
9 1067
9 1123
9 971
9 1081
9 1156
9 1044
9 1147
9 1129
9 1031
9 1157
9 1019
9 1016
9 1062
9 1003
9 1134
9 1105
9 1114
9 1106
9 1115
9 1141
9 1170
9 1142
9 976
9 1076
9 1127
9 1011
9 1086
9 1136
9 1183
9 1002
9 1039
9 997
9 1148
9 1063
9 972
9 1166
9 1116
9 988
9 1146
9 1077
9 1052
9 1037
9 1066
9 1082
9 1045
9 1072
9 1075
9 962
9 1015
9 1053
9 1182
9 1033
9 1014
9 1101
9 1004
9 1168
9 1171
9 1102
9 1054
9 1020
9 1104
9 1128
9 1099
9 1036
9 1178
9 1005
9 1110
9 1186
9 1177
9 1060
9 1098
9 981
9 1007
9 1065
9 986
9 987
9 1010
9 1056
9 1001
9 967
9 1167
9 965
9 1109
9 1093
9 1133
9 1197
9 1144
9 1111
9 989
9 1169
9 1185
9 1150
9 1139
9 1048
9 1159
9 1006
9 973
9 1165
9 1022
9 1038
9 1113
9 1149
9 991
9 1140
9 1021
9 998
9 1176
9 1078
9 978
9 1071
9 1085
9 1034
9 1012
10 1322
10 1390
10 1282
10 1344
10 1330
10 1239
10 1301
10 1384
10 1259
10 1349
10 1264
10 1338
10 1352
10 1201
10 1429
10 1297
10 1415
10 1423
10 1269
10 1312
10 1256
10 1240
10 1212
10 1404
10 1243
10 1385
10 1309
10 1348
10 1320
10 1281
10 1313
10 1224
10 1221
10 1417
10 1428
10 1306
10 1396
10 1336
10 1374
10 1216
10 1412
10 1247
10 1397
10 1249
10 1286
10 1263
10 1337
10 1222
10 1237
10 1370
10 1218
10 1209
10 1389
10 1293
10 1341
10 1409
10 1229
10 1251
10 1228
10 1266
10 1321
10 1419
10 1425
10 1357
10 1219
10 1323
10 1257
10 1231
10 1360
10 1295
10 1327
10 1250
10 1340
10 1347
10 1343
10 1426
10 1439
10 1252
10 1241
10 1233
10 1350
10 1377
10 1386
10 1427
10 1393
10 1345
10 1267
10 1253
10 1242
10 1351
10 1378
10 1287
10 1294
10 1395
10 1380
10 1391
10 1280
10 1410
10 1401
10 1248
10 1275
10 1379
10 1214
10 1236
10 1255
10 1365
10 1283
10 1418
10 1310
10 1278
10 1435
10 1277
10 1271
10 1421
10 1217
10 1244
10 1210
10 1302
10 1431
10 1382
10 1211
10 1438
10 1434
10 1346
10 1260
10 1324
10 1230
10 1227
10 1372
10 1202
10 1285
10 1355
10 1300
10 1362
10 1368
10 1318
10 1235
10 1262
10 1399
10 1405
10 1326
10 1315
10 1288
10 1353
10 1225
10 1375
10 1245
10 1304
10 1433
10 1394
10 1332
10 1411
10 1215
10 1291
10 1299
10 1436
10 1314
10 1290
10 1361
10 1284
10 1422
10 1296
10 1258
10 1273
10 1268
10 1371
10 1325
10 1373
10 1359
10 1203
10 1206
10 1246
10 1289
10 1400
10 1265
10 1292
10 1220
10 1333
10 1308
10 1279
10 1261
10 1363
10 1342
10 1207
10 1205
10 1329
10 1331
10 1204
10 1432
10 1369
10 1381
10 1305
10 1356
10 1335
10 1403
10 1213
10 1226
10 1430
10 1392
10 1387
10 1376
10 1388
10 1407
10 1276
10 1364
10 1416
10 1328
10 1437
10 1339
10 1232
10 1311
10 1358
10 1274
10 1238
10 1316
10 1366
10 1307
10 1317
10 1234
10 1223
10 1398
10 1402
10 1367
10 1334
10 1424
10 1408
10 1270
10 1298
10 1303
10 1406
10 1319
10 1413
10 1440
10 1354
10 1420
10 1208
10 1414
10 1383
10 1254
10 1272
11 1542
11 1529
11 1497
11 1586
11 1565
11 1641
11 1568
11 1556
11 1500
11 1613
11 1444
11 1488
11 1504
11 1619
11 1474
11 1445
11 1570
11 1626
11 1467
11 1606
11 1476
11 1559
11 1508
11 1581
11 1582
11 1629
11 1670
11 1495
11 1660
11 1482
11 1601
11 1524
11 1612
11 1480
11 1663
11 1544
11 1540
11 1592
11 1519
11 1644
11 1496
11 1618
11 1638
11 1643
11 1567
11 1536
11 1647
11 1650
11 1543
11 1580
11 1657
11 1461
11 1465
11 1620
11 1667
11 1664
11 1456
11 1624
11 1512
11 1654
11 1579
11 1478
11 1607
11 1537
11 1631
11 1547
11 1675
11 1491
11 1562
11 1479
11 1574
11 1454
11 1443
11 1595
11 1602
11 1655
11 1571
11 1490
11 1442
11 1608
11 1523
11 1594
11 1441
11 1464
11 1515
11 1566
11 1502
11 1609
11 1585
11 1616
11 1596
11 1485
11 1477
11 1507
11 1487
11 1577
11 1593
11 1658
11 1645
11 1514
11 1472
11 1525
11 1494
11 1589
11 1453
11 1557
11 1451
11 1460
11 1590
11 1625
11 1493
11 1661
11 1535
11 1548
11 1503
11 1576
11 1551
11 1522
11 1672
11 1573
11 1452
11 1459
11 1591
11 1639
11 1489
11 1498
11 1471
11 1549
11 1611
11 1668
11 1484
11 1610
11 1678
11 1448
11 1632
11 1509
11 1617
11 1513
11 1599
11 1510
11 1621
11 1630
11 1674
11 1583
11 1475
11 1469
11 1483
11 1511
11 1526
11 1473
11 1656
11 1651
11 1634
11 1554
11 1604
11 1455
11 1449
11 1605
11 1584
11 1553
11 1572
11 1635
11 1518
11 1652
11 1673
11 1637
11 1640
11 1532
11 1669
11 1628
11 1538
11 1552
11 1614
11 1636
11 1662
11 1677
11 1642
11 1659
11 1501
11 1447
11 1575
11 1541
11 1558
11 1462
11 1550
11 1470
11 1486
11 1578
11 1633
11 1492
11 1560
11 1505
11 1499
11 1588
11 1534
11 1516
11 1530
11 1676
11 1679
11 1517
11 1615
11 1564
11 1563
11 1555
11 1648
11 1627
11 1623
11 1680
11 1521
11 1646
11 1446
11 1457
11 1603
11 1520
11 1528
11 1539
11 1569
11 1671
11 1546
11 1649
11 1506
11 1653
11 1450
11 1527
11 1587
11 1463
11 1666
11 1545
11 1561
11 1466
11 1468
11 1533
11 1600
11 1665
11 1531
11 1481
11 1597
11 1622
11 1458
11 1598
12 1708
12 1884
12 1774
12 1820
12 1750
12 1787
12 1910
12 1854
12 1757
12 1727
12 1801
12 1918
12 1813
12 1917
12 1920
12 1772
12 1710
12 1835
12 1832
12 1858
12 1829
12 1755
12 1696
12 1876
12 1705
12 1896
12 1865
12 1690
12 1814
12 1718
12 1856
12 1788
12 1725
12 1761
12 1838
12 1852
12 1877
12 1878
12 1700
12 1822
12 1783
12 1867
12 1699
12 1812
12 1777
12 1701
12 1860
12 1793
12 1686
12 1732
12 1892
12 1749
12 1704
12 1821
12 1805
12 1857
12 1890
12 1740
12 1828
12 1834
12 1844
12 1853
12 1804
12 1770
12 1794
12 1695
12 1693
12 1906
12 1830
12 1726
12 1810
12 1823
12 1684
12 1756
12 1806
12 1818
12 1888
12 1682
12 1831
12 1776
12 1796
12 1768
12 1747
12 1809
12 1839
12 1887
12 1811
12 1786
12 1816
12 1691
12 1913
12 1729
12 1862
12 1784
12 1758
12 1912
12 1837
12 1883
12 1741
12 1845
12 1872
12 1688
12 1908
12 1728
12 1782
12 1694
12 1881
12 1864
12 1720
12 1861
12 1706
12 1707
12 1721
12 1698
12 1848
12 1842
12 1765
12 1775
12 1683
12 1911
12 1889
12 1771
12 1891
12 1799
12 1836
12 1841
12 1767
12 1769
12 1759
12 1744
12 1903
12 1751
12 1900
12 1692
12 1815
12 1748
12 1713
12 1840
12 1754
12 1779
12 1846
12 1703
12 1789
12 1745
12 1879
12 1885
12 1869
12 1833
12 1863
12 1901
12 1894
12 1697
12 1753
12 1714
12 1849
12 1915
12 1893
12 1722
12 1785
12 1792
12 1762
12 1898
12 1723
12 1907
12 1702
12 1766
12 1685
12 1817
12 1730
12 1795
12 1737
12 1764
12 1778
12 1882
12 1681
12 1752
12 1746
12 1859
12 1739
12 1875
12 1780
12 1916
12 1791
12 1781
12 1843
12 1733
12 1851
12 1797
12 1742
12 1734
12 1760
12 1808
12 1873
12 1717
12 1689
12 1914
12 1709
12 1802
12 1800
12 1847
12 1904
12 1909
12 1731
12 1824
12 1735
12 1866
12 1738
12 1819
12 1687
12 1807
12 1825
12 1715
12 1919
12 1716
12 1897
12 1871
12 1870
12 1880
12 1827
12 1790
12 1868
12 1763
12 1719
12 1895
12 1798
12 1886
12 1874
12 1743
12 1711
12 1724
12 1850
12 1712
12 1905
12 1899
12 1773
12 1855
12 1902
12 1803
12 1736
12 1826
13 1979
13 2156
13 1997
13 2084
13 1927
13 1988
13 1978
13 2030
13 1941
13 2031
13 2048
13 1971
13 1961
13 1998
13 1992
13 2134
13 2137
13 2015
13 2051
13 2050
13 2150
13 2058
13 1950
13 1925
13 2147
13 1922
13 1986
13 2008
13 2075
13 2049
13 2044
13 1989
13 1946
13 1929
13 2006
13 1942
13 1924
13 2036
13 2149
13 2092
13 2126
13 2043
13 2113
13 1967
13 2082
13 1939
13 2094
13 2105
13 2061
13 2090
13 1962
13 1937
13 2009
13 2088
13 2140
13 2081
13 2021
13 2079
13 2012
13 2104
13 1943
13 2154
13 2032
13 2001
13 2141
13 2077
13 1947
13 1969
13 2007
13 2042
13 1928
13 2070
13 2002
13 2138
13 2064
13 2130
13 2035
13 1982
13 1954
13 1933
13 2069
13 2034
13 1968
13 2038
13 2160
13 2120
13 2053
13 1990
13 2057
13 2023
13 2046
13 1948
13 2055
13 2052
13 2080
13 1960
13 1973
13 1974
13 1959
13 2093
13 2024
13 2028
13 2125
13 2146
13 1936
13 2107
13 2112
13 2029
13 1935
13 1976
13 2060
13 2117
13 2119
13 2139
13 2124
13 2068
13 1964
13 1953
13 2047
13 2022
13 2103
13 1972
13 2005
13 2101
13 2128
13 2091
13 2098
13 1994
13 2041
13 2025
13 2027
13 2063
13 1945
13 2152
13 2026
13 2083
13 1955
13 1923
13 1965
13 2085
13 2065
13 2071
13 2114
13 1970
13 2151
13 2144
13 2074
13 1977
13 1930
13 2132
13 2115
13 1999
13 2067
13 2076
13 1996
13 2129
13 2123
13 1981
13 2116
13 1966
13 1987
13 2086
13 2131
13 2016
13 2127
13 2014
13 2078
13 2073
13 1956
13 2145
13 2062
13 2097
13 2039
13 2089
13 1984
13 2142
13 1983
13 2033
13 2000
13 2155
13 2099
13 1944
13 2158
13 2135
13 1921
13 2100
13 1940
13 1949
13 2045
13 1931
13 2122
13 1975
13 2109
13 2011
13 2111
13 2018
13 2143
13 2096
13 2037
13 2013
13 1934
13 1957
13 2054
13 2072
13 1932
13 2059
13 2136
13 2019
13 1952
13 1995
13 1991
13 2004
13 2040
13 1985
13 2102
13 2148
13 1993
13 2056
13 2106
13 2066
13 2157
13 1980
13 2110
13 2108
13 2095
13 2003
13 2133
13 1926
13 2121
13 2010
13 2159
13 1951
13 1963
13 2118
13 2020
13 1938
13 2153
13 2017
13 1958
13 2087
14 2388
14 2358
14 2387
14 2207
14 2355
14 2246
14 2374
14 2163
14 2366
14 2185
14 2180
14 2398
14 2377
14 2190
14 2352
14 2308
14 2390
14 2253
14 2176
14 2191
14 2342
14 2305
14 2281
14 2187
14 2337
14 2267
14 2182
14 2271
14 2219
14 2339
14 2368
14 2237
14 2288
14 2322
14 2345
14 2400
14 2316
14 2312
14 2259
14 2228
14 2383
14 2304
14 2214
14 2202
14 2238
14 2356
14 2188
14 2300
14 2315
14 2292
14 2199
14 2183
14 2346
14 2196
14 2266
14 2161
14 2194
14 2283
14 2361
14 2365
14 2210
14 2220
14 2262
14 2378
14 2373
14 2282
14 2251
14 2385
14 2208
14 2289
14 2362
14 2381
14 2240
14 2351
14 2205
14 2399
14 2285
14 2209
14 2298
14 2299
14 2296
14 2223
14 2226
14 2172
14 2177
14 2173
14 2391
14 2306
14 2179
14 2295
14 2331
14 2268
14 2325
14 2200
14 2186
14 2206
14 2165
14 2168
14 2258
14 2248
14 2224
14 2393
14 2333
14 2270
14 2244
14 2360
14 2382
14 2303
14 2263
14 2167
14 2261
14 2162
14 2392
14 2189
14 2269
14 2252
14 2320
14 2386
14 2314
14 2302
14 2367
14 2236
14 2334
14 2350
14 2341
14 2354
14 2260
14 2321
14 2175
14 2166
14 2318
14 2340
14 2254
14 2229
14 2336
14 2375
14 2277
14 2297
14 2279
14 2272
14 2273
14 2338
14 2181
14 2247
14 2301
14 2335
14 2218
14 2275
14 2310
14 2307
14 2372
14 2197
14 2195
14 2286
14 2171
14 2232
14 2225
14 2327
14 2369
14 2389
14 2328
14 2217
14 2255
14 2380
14 2323
14 2291
14 2230
14 2280
14 2349
14 2276
14 2239
14 2274
14 2294
14 2164
14 2243
14 2221
14 2233
14 2287
14 2317
14 2395
14 2324
14 2293
14 2213
14 2204
14 2290
14 2347
14 2245
14 2309
14 2250
14 2222
14 2384
14 2359
14 2192
14 2363
14 2319
14 2215
14 2278
14 2234
14 2178
14 2264
14 2242
14 2326
14 2174
14 2371
14 2343
14 2348
14 2265
14 2249
14 2198
14 2330
14 2169
14 2241
14 2376
14 2216
14 2227
14 2332
14 2353
14 2329
14 2193
14 2370
14 2212
14 2184
14 2313
14 2203
14 2364
14 2397
14 2379
14 2396
14 2211
14 2231
14 2257
14 2256
14 2344
14 2201
14 2311
14 2394
14 2357
14 2284
14 2170
14 2235
15 2408
15 2535
15 2465
15 2605
15 2597
15 2468
15 2628
15 2457
15 2441
15 2412
15 2453
15 2420
15 2617
15 2545
15 2451
15 2612
15 2591
15 2550
15 2449
15 2414
15 2600
15 2419
15 2493
15 2517
15 2518
15 2463
15 2489
15 2552
15 2564
15 2590
15 2544
15 2606
15 2541
15 2421
15 2510
15 2583
15 2562
15 2601
15 2416
15 2425
15 2496
15 2403
15 2632
15 2472
15 2578
15 2527
15 2446
15 2563
15 2461
15 2433
15 2582
15 2486
15 2452
15 2477
15 2491
15 2430
15 2629
15 2438
15 2611
15 2599
15 2473
15 2506
15 2470
15 2497
15 2584
15 2464
15 2574
15 2546
15 2598
15 2467
15 2568
15 2508
15 2444
15 2622
15 2448
15 2556
15 2609
15 2630
15 2549
15 2604
15 2492
15 2402
15 2507
15 2484
15 2557
15 2501
15 2413
15 2581
15 2534
15 2442
15 2503
15 2498
15 2637
15 2478
15 2505
15 2616
15 2423
15 2561
15 2526
15 2516
15 2634
15 2521
15 2559
15 2519
15 2554
15 2447
15 2480
15 2528
15 2459
15 2572
15 2434
15 2485
15 2566
15 2589
15 2579
15 2567
15 2475
15 2587
15 2524
15 2613
15 2542
15 2538
15 2638
15 2596
15 2431
15 2513
15 2625
15 2409
15 2439
15 2454
15 2532
15 2494
15 2428
15 2479
15 2626
15 2488
15 2427
15 2495
15 2631
15 2602
15 2569
15 2499
15 2585
15 2418
15 2547
15 2445
15 2502
15 2624
15 2429
15 2633
15 2571
15 2404
15 2537
15 2539
15 2540
15 2407
15 2476
15 2515
15 2422
15 2635
15 2483
15 2536
15 2608
15 2636
15 2500
15 2458
15 2424
15 2487
15 2455
15 2471
15 2588
15 2577
15 2560
15 2610
15 2619
15 2586
15 2531
15 2573
15 2450
15 2548
15 2410
15 2639
15 2436
15 2570
15 2553
15 2623
15 2620
15 2551
15 2474
15 2405
15 2558
15 2504
15 2460
15 2525
15 2627
15 2511
15 2482
15 2469
15 2490
15 2594
15 2621
15 2565
15 2437
15 2401
15 2543
15 2440
15 2618
15 2426
15 2522
15 2466
15 2576
15 2509
15 2530
15 2462
15 2580
15 2615
15 2595
15 2523
15 2432
15 2481
15 2512
15 2593
15 2435
15 2406
15 2555
15 2443
15 2411
15 2456
15 2520
15 2592
15 2575
15 2514
15 2529
15 2607
15 2415
15 2603
15 2614
15 2640
15 2533
15 2417
16 2814
16 2715
16 2758
16 2803
16 2721
16 2879
16 2674
16 2806
16 2779
16 2765
16 2835
16 2880
16 2653
16 2743
16 2675
16 2717
16 2797
16 2768
16 2714
16 2738
16 2736
16 2641
16 2838
16 2804
16 2686
16 2780
16 2662
16 2735
16 2761
16 2815
16 2871
16 2747
16 2693
16 2800
16 2865
16 2657
16 2853
16 2711
16 2858
16 2737
16 2673
16 2769
16 2846
16 2825
16 2859
16 2668
16 2874
16 2810
16 2664
16 2770
16 2799
16 2763
16 2856
16 2849
16 2691
16 2723
16 2840
16 2818
16 2794
16 2785
16 2855
16 2848
16 2666
16 2869
16 2821
16 2741
16 2836
16 2701
16 2663
16 2766
16 2728
16 2826
16 2703
16 2651
16 2655
16 2683
16 2643
16 2720
16 2739
16 2786
16 2707
16 2677
16 2688
16 2771
16 2645
16 2816
16 2787
16 2667
16 2672
16 2658
16 2680
16 2659
16 2665
16 2845
16 2811
16 2734
16 2777
16 2754
16 2790
16 2824
16 2654
16 2866
16 2752
16 2656
16 2690
16 2805
16 2713
16 2726
16 2705
16 2851
16 2695
16 2750
16 2809
16 2742
16 2819
16 2776
16 2759
16 2861
16 2681
16 2812
16 2784
16 2724
16 2817
16 2877
16 2834
16 2795
16 2837
16 2648
16 2682
16 2827
16 2844
16 2689
16 2753
16 2696
16 2722
16 2783
16 2807
16 2692
16 2796
16 2725
16 2876
16 2875
16 2791
16 2649
16 2831
16 2841
16 2730
16 2828
16 2868
16 2762
16 2867
16 2781
16 2870
16 2678
16 2646
16 2852
16 2792
16 2822
16 2669
16 2719
16 2704
16 2698
16 2642
16 2793
16 2709
16 2746
16 2732
16 2727
16 2873
16 2748
16 2862
16 2679
16 2694
16 2729
16 2716
16 2745
16 2676
16 2833
16 2773
16 2740
16 2808
16 2778
16 2830
16 2712
16 2702
16 2756
16 2864
16 2744
16 2774
16 2710
16 2813
16 2660
16 2684
16 2650
16 2718
16 2801
16 2699
16 2751
16 2878
16 2782
16 2798
16 2670
16 2644
16 2775
16 2850
16 2731
16 2685
16 2823
16 2829
16 2697
16 2647
16 2661
16 2755
16 2652
16 2839
16 2733
16 2772
16 2708
16 2760
16 2706
16 2847
16 2842
16 2687
16 2764
16 2843
16 2863
16 2788
16 2802
16 2832
16 2857
16 2749
16 2854
16 2700
16 2671
16 2860
16 2757
16 2872
16 2820
16 2767
16 2789
17 3100
17 2905
17 3083
17 3040
17 3053
17 2986
17 3000
17 3044
17 3029
17 2955
17 3033
17 3119
17 2899
17 2914
17 2943
17 3061
17 3093
17 3026
17 3087
17 2896
17 2928
17 3038
17 3010
17 2952
17 3103
17 3036
17 3070
17 2995
17 3027
17 2962
17 2964
17 3050
17 3049
17 2959
17 2981
17 3003
17 2915
17 3012
17 3097
17 2918
17 3074
17 2980
17 2938
17 3094
17 2963
17 3007
17 2916
17 3055
17 3060
17 2965
17 2882
17 3065
17 2907
17 3023
17 3085
17 2903
17 3082
17 2897
17 2988
17 3020
17 2925
17 2998
17 3081
17 2957
17 3035
17 2949
17 3057
17 3037
17 2883
17 3017
17 3042
17 2973
17 2892
17 3002
17 2996
17 2900
17 3054
17 2942
17 2891
17 2931
17 2944
17 2958
17 2993
17 3041
17 3039
17 2932
17 2947
17 3117
17 3046
17 3006
17 2983
17 3086
17 2985
17 3064
17 3015
17 2941
17 3111
17 2888
17 2946
17 2999
17 2930
17 3080
17 3102
17 2908
17 2974
17 3115
17 3106
17 3118
17 2956
17 2924
17 2968
17 2927
17 3072
17 2936
17 2975
17 3045
17 3019
17 2934
17 2923
17 3101
17 2978
17 2906
17 3031
17 3025
17 3120
17 2885
17 2997
17 3079
17 2893
17 2992
17 2994
17 3052
17 2894
17 3016
17 3013
17 3107
17 2901
17 3098
17 3095
17 3089
17 3068
17 2977
17 3058
17 2904
17 3009
17 3084
17 2970
17 2953
17 3067
17 2919
17 3008
17 2990
17 2937
17 3091
17 2886
17 2926
17 3108
17 3011
17 2984
17 2972
17 3030
17 3109
17 3062
17 2912
17 3077
17 2991
17 3048
17 3099
17 2967
17 2920
17 3069
17 2982
17 3096
17 2954
17 2966
17 3021
17 2951
17 3063
17 3112
17 3056
17 3043
17 2933
17 2969
17 3078
17 3004
17 2887
17 3014
17 3105
17 3034
17 2898
17 3066
17 2976
17 3028
17 2979
17 2911
17 3018
17 2889
17 2948
17 3001
17 3047
17 3104
17 3005
17 2881
17 2960
17 2989
17 3090
17 3059
17 3073
17 3092
17 2939
17 3113
17 2922
17 3051
17 2945
17 3071
17 2935
17 3076
17 2940
17 2971
17 2909
17 2890
17 2950
17 2987
17 3075
17 3088
17 2929
17 3114
17 2921
17 3116
17 2910
17 3024
17 2961
17 2895
17 2884
17 3110
17 2913
17 2902
17 3032
17 2917
17 3022
18 3219
18 3266
18 3357
18 3184
18 3273
18 3326
18 3267
18 3258
18 3318
18 3242
18 3287
18 3134
18 3187
18 3356
18 3360
18 3340
18 3196
18 3317
18 3154
18 3232
18 3133
18 3338
18 3197
18 3277
18 3320
18 3135
18 3315
18 3313
18 3302
18 3339
18 3128
18 3188
18 3148
18 3272
18 3239
18 3246
18 3241
18 3347
18 3351
18 3168
18 3311
18 3224
18 3160
18 3189
18 3253
18 3126
18 3359
18 3142
18 3165
18 3186
18 3152
18 3275
18 3309
18 3285
18 3166
18 3292
18 3199
18 3178
18 3182
18 3332
18 3335
18 3205
18 3150
18 3341
18 3223
18 3203
18 3121
18 3146
18 3158
18 3123
18 3249
18 3139
18 3319
18 3243
18 3289
18 3226
18 3175
18 3202
18 3281
18 3169
18 3155
18 3237
18 3286
18 3216
18 3337
18 3201
18 3279
18 3350
18 3276
18 3143
18 3323
18 3327
18 3330
18 3298
18 3235
18 3305
18 3244
18 3125
18 3137
18 3156
18 3307
18 3210
18 3174
18 3349
18 3127
18 3215
18 3248
18 3257
18 3206
18 3312
18 3193
18 3251
18 3348
18 3209
18 3176
18 3200
18 3301
18 3254
18 3136
18 3345
18 3321
18 3247
18 3333
18 3122
18 3288
18 3145
18 3316
18 3132
18 3282
18 3260
18 3354
18 3179
18 3296
18 3280
18 3190
18 3195
18 3229
18 3214
18 3310
18 3259
18 3218
18 3173
18 3352
18 3204
18 3300
18 3213
18 3208
18 3269
18 3236
18 3163
18 3198
18 3220
18 3221
18 3144
18 3271
18 3278
18 3231
18 3283
18 3328
18 3346
18 3230
18 3306
18 3270
18 3227
18 3233
18 3322
18 3141
18 3268
18 3264
18 3331
18 3334
18 3180
18 3324
18 3358
18 3159
18 3167
18 3131
18 3299
18 3290
18 3262
18 3225
18 3308
18 3293
18 3294
18 3191
18 3130
18 3252
18 3234
18 3238
18 3161
18 3355
18 3147
18 3295
18 3157
18 3353
18 3250
18 3228
18 3171
18 3217
18 3164
18 3245
18 3291
18 3151
18 3261
18 3181
18 3207
18 3162
18 3263
18 3303
18 3304
18 3255
18 3172
18 3222
18 3336
18 3240
18 3256
18 3170
18 3325
18 3177
18 3329
18 3265
18 3153
18 3297
18 3140
18 3274
18 3343
18 3194
18 3342
18 3284
18 3192
18 3314
18 3124
18 3212
18 3129
18 3138
18 3185
18 3211
18 3344
18 3183
18 3149
19 3508
19 3427
19 3512
19 3520
19 3456
19 3397
19 3548
19 3440
19 3583
19 3511
19 3415
19 3457
19 3380
19 3475
19 3577
19 3389
19 3494
19 3414
19 3393
19 3465
19 3372
19 3527
19 3530
19 3429
19 3410
19 3460
19 3578
19 3444
19 3459
19 3436
19 3485
19 3597
19 3593
19 3557
19 3490
19 3422
19 3433
19 3599
19 3513
19 3563
19 3555
19 3430
19 3573
19 3418
19 3596
19 3523
19 3416
19 3500
19 3387
19 3592
19 3496
19 3413
19 3540
19 3399
19 3478
19 3484
19 3552
19 3501
19 3492
19 3383
19 3538
19 3375
19 3571
19 3561
19 3449
19 3537
19 3423
19 3470
19 3545
19 3529
19 3377
19 3528
19 3542
19 3378
19 3559
19 3403
19 3587
19 3522
19 3483
19 3534
19 3428
19 3486
19 3396
19 3502
19 3474
19 3374
19 3546
19 3466
19 3497
19 3551
19 3562
19 3464
19 3565
19 3589
19 3451
19 3600
19 3467
19 3477
19 3506
19 3504
19 3434
19 3461
19 3450
19 3379
19 3405
19 3493
19 3585
19 3376
19 3481
19 3446
19 3541
19 3448
19 3362
19 3498
19 3388
19 3488
19 3454
19 3584
19 3518
19 3412
19 3569
19 3458
19 3567
19 3560
19 3536
19 3390
19 3482
19 3575
19 3473
19 3392
19 3572
19 3424
19 3409
19 3586
19 3391
19 3553
19 3417
19 3463
19 3406
19 3533
19 3407
19 3421
19 3400
19 3491
19 3462
19 3495
19 3420
19 3531
19 3411
19 3438
19 3558
19 3598
19 3373
19 3564
19 3510
19 3437
19 3382
19 3568
19 3480
19 3419
19 3514
19 3408
19 3363
19 3532
19 3401
19 3588
19 3519
19 3594
19 3539
19 3505
19 3469
19 3521
19 3381
19 3549
19 3386
19 3581
19 3544
19 3394
19 3579
19 3366
19 3435
19 3487
19 3468
19 3554
19 3361
19 3595
19 3431
19 3503
19 3535
19 3526
19 3547
19 3385
19 3556
19 3367
19 3426
19 3507
19 3516
19 3369
19 3439
19 3472
19 3574
19 3590
19 3570
19 3447
19 3509
19 3364
19 3445
19 3365
19 3425
19 3442
19 3525
19 3479
19 3591
19 3452
19 3395
19 3371
19 3566
19 3404
19 3580
19 3471
19 3476
19 3368
19 3576
19 3455
19 3524
19 3398
19 3515
19 3443
19 3402
19 3453
19 3489
19 3441
19 3499
19 3550
19 3432
19 3370
19 3582
19 3517
19 3543
19 3384
20 3827
20 3740
20 3828
20 3775
20 3762
20 3713
20 3639
20 3749
20 3794
20 3823
20 3621
20 3685
20 3798
20 3830
20 3671
20 3709
20 3696
20 3638
20 3617
20 3635
20 3697
20 3757
20 3803
20 3618
20 3802
20 3694
20 3840
20 3614
20 3676
20 3750
20 3678
20 3733
20 3776
20 3673
20 3807
20 3680
20 3787
20 3735
20 3819
20 3624
20 3753
20 3729
20 3767
20 3782
20 3619
20 3761
20 3833
20 3723
20 3615
20 3605
20 3646
20 3739
20 3758
20 3726
20 3779
20 3628
20 3824
20 3634
20 3651
20 3707
20 3689
20 3801
20 3674
20 3601
20 3763
20 3754
20 3808
20 3728
20 3698
20 3629
20 3648
20 3766
20 3727
20 3675
20 3647
20 3814
20 3641
20 3764
20 3644
20 3608
20 3688
20 3815
20 3633
20 3822
20 3734
20 3812
20 3745
20 3609
20 3716
20 3691
20 3738
20 3771
20 3662
20 3684
20 3699
20 3747
20 3627
20 3810
20 3839
20 3756
20 3797
20 3783
20 3604
20 3654
20 3730
20 3741
20 3645
20 3805
20 3657
20 3603
20 3659
20 3778
20 3795
20 3737
20 3636
20 3748
20 3732
20 3752
20 3695
20 3744
20 3687
20 3721
20 3655
20 3835
20 3715
20 3790
20 3809
20 3722
20 3712
20 3656
20 3625
20 3693
20 3736
20 3667
20 3811
20 3661
20 3724
20 3711
20 3669
20 3640
20 3666
20 3665
20 3759
20 3751
20 3788
20 3649
20 3806
20 3777
20 3799
20 3831
20 3773
20 3637
20 3616
20 3755
20 3785
20 3631
20 3821
20 3768
20 3668
20 3664
20 3796
20 3832
20 3829
20 3718
20 3725
20 3784
20 3681
20 3791
20 3686
20 3772
20 3818
20 3731
20 3774
20 3813
20 3804
20 3826
20 3701
20 3612
20 3825
20 3800
20 3704
20 3620
20 3670
20 3700
20 3793
20 3630
20 3683
20 3836
20 3789
20 3710
20 3623
20 3632
20 3606
20 3708
20 3838
20 3760
20 3626
20 3610
20 3719
20 3602
20 3837
20 3658
20 3706
20 3705
20 3702
20 3786
20 3682
20 3692
20 3660
20 3746
20 3611
20 3834
20 3679
20 3780
20 3717
20 3770
20 3781
20 3643
20 3607
20 3792
20 3742
20 3613
20 3743
20 3816
20 3765
20 3642
20 3652
20 3820
20 3817
20 3677
20 3672
20 3690
20 3720
20 3650
20 3653
20 3714
20 3663
20 3622
20 3769
20 3703
21 4072
21 3895
21 4018
21 3953
21 3931
21 4032
21 3876
21 3944
21 4004
21 3974
21 4070
21 4031
21 3886
21 4041
21 4019
21 4064
21 3854
21 3947
21 4029
21 3847
21 3985
21 3963
21 3841
21 3844
21 4000
21 3879
21 3968
21 3842
21 3903
21 4069
21 3920
21 4071
21 3848
21 4020
21 3918
21 3901
21 4045
21 3959
21 4074
21 3958
21 4052
21 3884
21 4025
21 3989
21 4022
21 4080
21 4073
21 4060
21 4012
21 3970
21 4034
21 3845
21 3983
21 4048
21 4076
21 4026
21 3981
21 3940
21 3956
21 3846
21 3992
21 4047
21 3923
21 3906
21 3941
21 4006
21 3858
21 3929
21 4057
21 3952
21 3964
21 3976
21 3946
21 4046
21 3870
21 3896
21 4009
21 3893
21 3921
21 4013
21 3888
21 3936
21 3863
21 3873
21 4050
21 3864
21 4043
21 3850
21 3960
21 3867
21 3869
21 4053
21 4024
21 4007
21 3930
21 4030
21 3919
21 3961
21 3872
21 3914
21 3851
21 3889
21 3911
21 3861
21 3995
21 3880
21 4038
21 3991
21 3897
21 4021
21 3997
21 3905
21 4028
21 3860
21 3926
21 3939
21 3977
21 3998
21 3973
21 4036
21 4005
21 3975
21 4067
21 4008
21 4055
21 3984
21 4039
21 3907
21 3856
21 3945
21 3943
21 4014
21 3913
21 3988
21 3857
21 3979
21 3957
21 3978
21 3971
21 4056
21 3938
21 3965
21 3999
21 4015
21 4027
21 3967
21 4017
21 3917
21 3908
21 3928
21 3900
21 3927
21 3883
21 4061
21 3955
21 4044
21 3987
21 4003
21 3969
21 3902
21 3933
21 3950
21 3980
21 3882
21 3862
21 3881
21 3894
21 4040
21 3934
21 4079
21 3878
21 3916
21 4062
21 3843
21 3949
21 3912
21 3890
21 4066
21 3996
21 3922
21 4011
21 4049
21 3875
21 4010
21 4051
21 3935
21 3865
21 4002
21 3849
21 4068
21 3990
21 4078
21 4065
21 3899
21 3994
21 4001
21 3982
21 4075
21 3910
21 4063
21 3859
21 3993
21 3954
21 3855
21 3887
21 4035
21 4042
21 4054
21 3853
21 3852
21 3924
21 3986
21 3951
21 3932
21 3891
21 4059
21 4023
21 4037
21 3904
21 4033
21 3885
21 3877
21 3898
21 4058
21 3892
21 3866
21 3871
21 4016
21 3972
21 3925
21 3948
21 3874
21 3909
21 3942
21 4077
21 3962
21 3868
21 3937
21 3915
21 3966
22 4281
22 4100
22 4187
22 4220
22 4267
22 4125
22 4127
22 4115
22 4088
22 4245
22 4320
22 4318
22 4287
22 4135
22 4232
22 4169
22 4317
22 4145
22 4312
22 4253
22 4228
22 4139
22 4155
22 4097
22 4315
22 4288
22 4310
22 4083
22 4099
22 4148
22 4090
22 4233
22 4172
22 4255
22 4214
22 4229
22 4311
22 4225
22 4147
22 4246
22 4104
22 4206
22 4166
22 4305
22 4191
22 4149
22 4185
22 4198
22 4138
22 4251
22 4131
22 4173
22 4284
22 4266
22 4242
22 4140
22 4171
22 4235
22 4180
22 4177
22 4238
22 4257
22 4309
22 4297
22 4260
22 4314
22 4256
22 4278
22 4151
22 4161
22 4244
22 4308
22 4121
22 4209
22 4114
22 4167
22 4259
22 4201
22 4222
22 4268
22 4274
22 4087
22 4316
22 4091
22 4197
22 4192
22 4237
22 4196
22 4089
22 4174
22 4108
22 4193
22 4159
22 4094
22 4137
22 4133
22 4296
22 4179
22 4294
22 4202
22 4143
22 4227
22 4141
22 4128
22 4205
22 4289
22 4203
22 4160
22 4106
22 4101
22 4190
22 4129
22 4153
22 4240
22 4084
22 4300
22 4236
22 4299
22 4123
22 4183
22 4313
22 4150
22 4117
22 4093
22 4292
22 4210
22 4162
22 4184
22 4119
22 4157
22 4092
22 4189
22 4243
22 4188
22 4170
22 4130
22 4224
22 4204
22 4291
22 4163
22 4098
22 4103
22 4249
22 4217
22 4264
22 4231
22 4156
22 4263
22 4186
22 4265
22 4254
22 4258
22 4306
22 4086
22 4239
22 4199
22 4176
22 4277
22 4247
22 4303
22 4082
22 4122
22 4120
22 4269
22 4096
22 4124
22 4295
22 4213
22 4102
22 4271
22 4113
22 4164
22 4285
22 4105
22 4250
22 4298
22 4286
22 4280
22 4109
22 4116
22 4085
22 4200
22 4273
22 4219
22 4252
22 4290
22 4241
22 4110
22 4293
22 4283
22 4132
22 4207
22 4272
22 4126
22 4275
22 4301
22 4282
22 4118
22 4136
22 4211
22 4165
22 4304
22 4142
22 4221
22 4248
22 4182
22 4319
22 4134
22 4216
22 4154
22 4307
22 4234
22 4279
22 4223
22 4261
22 4181
22 4212
22 4226
22 4194
22 4168
22 4178
22 4158
22 4230
22 4208
22 4175
22 4215
22 4302
22 4195
22 4107
22 4112
22 4270
22 4262
22 4218
22 4152
22 4146
22 4144
22 4095
22 4081
22 4111
22 4276
23 4347
23 4540
23 4487
23 4430
23 4330
23 4494
23 4392
23 4410
23 4536
23 4388
23 4538
23 4365
23 4405
23 4546
23 4446
23 4433
23 4489
23 4367
23 4498
23 4531
23 4397
23 4557
23 4510
23 4532
23 4366
23 4439
23 4481
23 4339
23 4444
23 4448
23 4543
23 4385
23 4556
23 4484
23 4542
23 4552
23 4398
23 4326
23 4512
23 4426
23 4454
23 4336
23 4499
23 4432
23 4449
23 4547
23 4460
23 4375
23 4341
23 4368
23 4550
23 4463
23 4548
23 4503
23 4403
23 4522
23 4461
23 4500
23 4393
23 4467
23 4364
23 4530
23 4374
23 4452
23 4529
23 4459
23 4394
23 4359
23 4462
23 4434
23 4332
23 4401
23 4456
23 4466
23 4475
23 4355
23 4521
23 4502
23 4535
23 4483
23 4321
23 4470
23 4362
23 4349
23 4379
23 4441
23 4391
23 4472
23 4345
23 4417
23 4412
23 4420
23 4440
23 4380
23 4477
23 4419
23 4515
23 4344
23 4325
23 4497
23 4428
23 4435
23 4387
23 4342
23 4429
23 4376
23 4527
23 4438
23 4560
23 4337
23 4455
23 4323
23 4539
23 4353
23 4348
23 4464
23 4328
23 4437
23 4357
23 4427
23 4414
23 4436
23 4469
23 4352
23 4411
23 4333
23 4495
23 4382
23 4471
23 4356
23 4383
23 4418
23 4396
23 4534
23 4555
23 4486
23 4369
23 4329
23 4360
23 4551
23 4509
23 4350
23 4520
23 4421
23 4335
23 4468
23 4372
23 4358
23 4507
23 4377
23 4415
23 4493
23 4465
23 4526
23 4504
23 4351
23 4474
23 4338
23 4346
23 4558
23 4450
23 4406
23 4373
23 4334
23 4506
23 4354
23 4549
23 4492
23 4370
23 4343
23 4490
23 4485
23 4523
23 4528
23 4395
23 4457
23 4519
23 4537
23 4386
23 4511
23 4413
23 4451
23 4479
23 4480
23 4445
23 4453
23 4541
23 4525
23 4488
23 4476
23 4431
23 4331
23 4501
23 4545
23 4458
23 4443
23 4473
23 4424
23 4559
23 4554
23 4322
23 4371
23 4399
23 4513
23 4389
23 4340
23 4381
23 4516
23 4422
23 4447
23 4442
23 4324
23 4478
23 4363
23 4517
23 4402
23 4408
23 4505
23 4553
23 4423
23 4524
23 4400
23 4425
23 4378
23 4514
23 4508
23 4491
23 4327
23 4384
23 4496
23 4404
23 4416
23 4407
23 4361
23 4390
23 4409
23 4518
23 4533
23 4544
23 4482
24 4756
24 4647
24 4715
24 4790
24 4653
24 4752
24 4700
24 4733
24 4661
24 4764
24 4767
24 4659
24 4785
24 4781
24 4745
24 4569
24 4696
24 4662
24 4607
24 4730
24 4758
24 4615
24 4599
24 4657
24 4751
24 4686
24 4768
24 4678
24 4718
24 4683
24 4640
24 4589
24 4632
24 4562
24 4680
24 4714
24 4597
24 4646
24 4777
24 4641
24 4623
24 4716
24 4754
24 4595
24 4720
24 4638
24 4602
24 4775
24 4656
24 4706
24 4590
24 4652
24 4789
24 4699
24 4797
24 4668
24 4667
24 4685
24 4704
24 4572
24 4616
24 4689
24 4739
24 4644
24 4794
24 4639
24 4574
24 4571
24 4605
24 4626
24 4606
24 4729
24 4717
24 4799
24 4576
24 4570
24 4697
24 4663
24 4655
24 4731
24 4584
24 4679
24 4791
24 4684
24 4780
24 4682
24 4795
24 4688
24 4707
24 4643
24 4603
24 4608
24 4738
24 4747
24 4676
24 4596
24 4800
24 4724
24 4581
24 4604
24 4631
24 4690
24 4620
24 4634
24 4753
24 4567
24 4783
24 4691
24 4594
24 4726
24 4728
24 4670
24 4778
24 4642
24 4761
24 4698
24 4701
24 4585
24 4719
24 4727
24 4610
24 4579
24 4613
24 4622
24 4692
24 4782
24 4779
24 4583
24 4565
24 4773
24 4772
24 4628
24 4776
24 4732
24 4695
24 4591
24 4793
24 4741
24 4744
24 4796
24 4575
24 4786
24 4762
24 4612
24 4630
24 4757
24 4735
24 4648
24 4593
24 4587
24 4598
24 4774
24 4770
24 4742
24 4672
24 4601
24 4703
24 4708
24 4748
24 4710
24 4636
24 4740
24 4787
24 4694
24 4798
24 4734
24 4600
24 4687
24 4681
24 4621
24 4711
24 4649
24 4702
24 4792
24 4749
24 4721
24 4771
24 4586
24 4618
24 4568
24 4650
24 4712
24 4788
24 4675
24 4665
24 4582
24 4566
24 4750
24 4743
24 4619
24 4759
24 4760
24 4671
24 4666
24 4769
24 4624
24 4614
24 4669
24 4673
24 4746
24 4763
24 4625
24 4784
24 4577
24 4705
24 4617
24 4660
24 4713
24 4765
24 4637
24 4578
24 4588
24 4709
24 4633
24 4611
24 4580
24 4592
24 4725
24 4564
24 4677
24 4737
24 4563
24 4658
24 4693
24 4755
24 4609
24 4627
24 4766
24 4654
24 4573
24 4635
24 4736
24 4651
24 4722
24 4645
24 4664
24 4561
24 4674
24 4723
24 4629
25 4972
25 4810
25 4964
25 4910
25 4898
25 4975
25 4877
25 5015
25 4947
25 4814
25 4874
25 5032
25 4812
25 4987
25 5018
25 4954
25 4994
25 4817
25 4857
25 4884
25 4889
25 4909
25 4981
25 4864
25 4845
25 4995
25 4894
25 4921
25 4802
25 4892
25 4834
25 5036
25 5040
25 4973
25 4960
25 5000
25 4860
25 4934
25 4807
25 4949
25 4887
25 4851
25 4958
25 5016
25 4885
25 4911
25 4895
25 4880
25 4862
25 4969
25 4891
25 5030
25 5004
25 4876
25 4866
25 5012
25 4983
25 4953
25 5002
25 4990
25 4916
25 4815
25 4913
25 4933
25 4927
25 5034
25 4837
25 4989
25 4941
25 4855
25 4840
25 4914
25 4985
25 4821
25 4828
25 5014
25 4937
25 4846
25 5037
25 4847
25 4839
25 4806
25 5009
25 4938
25 4833
25 5023
25 4946
25 4856
25 4943
25 4863
25 4988
25 4974
25 5031
25 4904
25 4966
25 4993
25 4890
25 4900
25 4893
25 4854
25 5035
25 4970
25 5010
25 4879
25 4899
25 4888
25 4939
25 4832
25 4867
25 4944
25 4979
25 5019
25 4824
25 4992
25 4808
25 4819
25 4991
25 4882
25 4869
25 4915
25 4956
25 4918
25 4906
25 4935
25 4804
25 4801
25 4871
25 5025
25 5024
25 4961
25 5020
25 4959
25 4998
25 4932
25 4957
25 4917
25 4873
25 4963
25 5001
25 4901
25 4984
25 4951
25 4853
25 5028
25 4950
25 4997
25 4980
25 5038
25 4822
25 4978
25 5021
25 4942
25 4965
25 4813
25 5011
25 4859
25 4836
25 4831
25 4952
25 4926
25 4852
25 4870
25 5007
25 4848
25 4920
25 4843
25 4858
25 5033
25 4872
25 4830
25 4922
25 4850
25 5027
25 5029
25 4948
25 4878
25 4875
25 4936
25 4903
25 4930
25 4907
25 4977
25 4811
25 4968
25 4925
25 4971
25 4805
25 4902
25 4905
25 4803
25 4844
25 5026
25 4868
25 4982
25 4919
25 4976
25 4826
25 4842
25 4908
25 4886
25 4996
25 4912
25 5008
25 4861
25 4999
25 4827
25 4929
25 4835
25 4865
25 4896
25 4881
25 4923
25 5017
25 5022
25 4820
25 5013
25 5003
25 4955
25 4945
25 4967
25 4940
25 4849
25 4825
25 4986
25 4931
25 4818
25 4829
25 4823
25 5039
25 4924
25 4816
25 4897
25 5006
25 4883
25 4809
25 5005
25 4841
25 4962
25 4838
25 4928
26 5152
26 5192
26 5253
26 5127
26 5214
26 5174
26 5157
26 5110
26 5115
26 5089
26 5101
26 5255
26 5222
26 5196
26 5273
26 5082
26 5156
26 5088
26 5226
26 5073
26 5121
26 5113
26 5066
26 5134
26 5128
26 5221
26 5210
26 5054
26 5086
26 5188
26 5059
26 5244
26 5204
26 5083
26 5256
26 5143
26 5126
26 5139
26 5050
26 5094
26 5179
26 5280
26 5189
26 5234
26 5270
26 5238
26 5166
26 5266
26 5247
26 5167
26 5102
26 5191
26 5160
26 5274
26 5219
26 5269
26 5053
26 5125
26 5201
26 5197
26 5056
26 5162
26 5047
26 5232
26 5161
26 5227
26 5195
26 5163
26 5276
26 5114
26 5096
26 5071
26 5112
26 5074
26 5060
26 5275
26 5183
26 5259
26 5243
26 5064
26 5249
26 5149
26 5277
26 5100
26 5173
26 5229
26 5084
26 5252
26 5248
26 5220
26 5194
26 5217
26 5105
26 5045
26 5278
26 5263
26 5251
26 5092
26 5138
26 5145
26 5261
26 5095
26 5057
26 5240
26 5099
26 5246
26 5208
26 5049
26 5262
26 5042
26 5169
26 5065
26 5272
26 5228
26 5072
26 5090
26 5118
26 5159
26 5078
26 5076
26 5132
26 5230
26 5075
26 5070
26 5147
26 5077
26 5250
26 5109
26 5180
26 5119
26 5241
26 5068
26 5129
26 5176
26 5046
26 5168
26 5116
26 5209
26 5107
26 5182
26 5177
26 5136
26 5205
26 5245
26 5061
26 5148
26 5144
26 5150
26 5200
26 5146
26 5140
26 5218
26 5267
26 5158
26 5142
26 5190
26 5103
26 5080
26 5236
26 5207
26 5087
26 5067
26 5239
26 5178
26 5123
26 5137
26 5187
26 5111
26 5193
26 5175
26 5235
26 5254
26 5154
26 5184
26 5165
26 5203
26 5199
26 5164
26 5135
26 5131
26 5085
26 5041
26 5202
26 5216
26 5198
26 5122
26 5258
26 5044
26 5237
26 5265
26 5225
26 5223
26 5097
26 5279
26 5058
26 5120
26 5093
26 5079
26 5185
26 5069
26 5171
26 5170
26 5106
26 5141
26 5242
26 5063
26 5133
26 5264
26 5052
26 5155
26 5224
26 5104
26 5098
26 5213
26 5172
26 5231
26 5271
26 5108
26 5257
26 5091
26 5153
26 5081
26 5062
26 5124
26 5130
26 5260
26 5215
26 5055
26 5048
26 5268
26 5211
26 5206
26 5233
26 5181
26 5186
26 5043
26 5212
26 5151
26 5051
26 5117
27 5412
27 5357
27 5322
27 5423
27 5489
27 5282
27 5310
27 5337
27 5299
27 5481
27 5368
27 5356
27 5320
27 5453
27 5349
27 5398
27 5485
27 5395
27 5518
27 5350
27 5478
27 5506
27 5351
27 5391
27 5520
27 5341
27 5445
27 5507
27 5327
27 5432
27 5332
27 5385
27 5475
27 5344
27 5484
27 5514
27 5468
27 5454
27 5400
27 5336
27 5496
27 5402
27 5427
27 5438
27 5516
27 5482
27 5465
27 5503
27 5509
27 5375
27 5500
27 5376
27 5297
27 5371
27 5456
27 5285
27 5491
27 5353
27 5435
27 5366
27 5488
27 5504
27 5418
27 5284
27 5295
27 5461
27 5407
27 5378
27 5367
27 5430
27 5377
27 5314
27 5300
27 5362
27 5289
27 5382
27 5301
27 5394
27 5354
27 5479
27 5321
27 5316
27 5311
27 5517
27 5317
27 5339
27 5302
27 5364
27 5455
27 5328
27 5519
27 5444
27 5458
27 5411
27 5413
27 5329
27 5429
27 5447
27 5325
27 5370
27 5466
27 5451
27 5473
27 5291
27 5442
27 5304
27 5352
27 5359
27 5493
27 5372
27 5307
27 5292
27 5318
27 5477
27 5342
27 5290
27 5340
27 5405
27 5474
27 5470
27 5508
27 5448
27 5494
27 5315
27 5308
27 5294
27 5309
27 5425
27 5363
27 5433
27 5306
27 5313
27 5463
27 5513
27 5397
27 5439
27 5333
27 5305
27 5415
27 5457
27 5347
27 5424
27 5281
27 5392
27 5303
27 5441
27 5446
27 5374
27 5389
27 5384
27 5486
27 5393
27 5472
27 5348
27 5414
27 5386
27 5410
27 5404
27 5369
27 5403
27 5390
27 5480
27 5387
27 5419
27 5326
27 5515
27 5383
27 5358
27 5422
27 5505
27 5434
27 5511
27 5406
27 5510
27 5319
27 5476
27 5467
27 5286
27 5293
27 5334
27 5335
27 5287
27 5426
27 5450
27 5502
27 5343
27 5499
27 5380
27 5298
27 5471
27 5421
27 5324
27 5440
27 5501
27 5483
27 5409
27 5379
27 5443
27 5399
27 5417
27 5512
27 5428
27 5416
27 5462
27 5498
27 5381
27 5296
27 5283
27 5449
27 5420
27 5365
27 5436
27 5312
27 5495
27 5452
27 5361
27 5469
27 5346
27 5459
27 5360
27 5492
27 5288
27 5388
27 5460
27 5464
27 5355
27 5396
27 5373
27 5408
27 5323
27 5401
27 5330
27 5338
27 5487
27 5331
27 5497
27 5437
27 5490
27 5431
27 5345
28 5733
28 5744
28 5617
28 5651
28 5547
28 5551
28 5699
28 5749
28 5567
28 5705
28 5559
28 5593
28 5552
28 5669
28 5635
28 5715
28 5521
28 5660
28 5604
28 5675
28 5652
28 5679
28 5716
28 5550
28 5658
28 5553
28 5672
28 5566
28 5532
28 5649
28 5664
28 5561
28 5655
28 5731
28 5583
28 5742
28 5526
28 5618
28 5738
28 5729
28 5726
28 5681
28 5638
28 5555
28 5662
28 5596
28 5748
28 5698
28 5633
28 5548
28 5578
28 5648
28 5531
28 5537
28 5558
28 5576
28 5601
28 5554
28 5725
28 5707
28 5613
28 5534
28 5718
28 5730
28 5687
28 5647
28 5692
28 5632
28 5614
28 5653
28 5577
28 5691
28 5606
28 5641
28 5700
28 5542
28 5642
28 5523
28 5609
28 5616
28 5677
28 5711
28 5704
28 5626
28 5582
28 5712
28 5678
28 5581
28 5527
28 5643
28 5684
28 5668
28 5530
28 5751
28 5619
28 5580
28 5745
28 5713
28 5588
28 5536
28 5665
28 5646
28 5586
28 5569
28 5571
28 5674
28 5688
28 5680
28 5740
28 5709
28 5661
28 5695
28 5598
28 5754
28 5568
28 5746
28 5564
28 5735
28 5736
28 5585
28 5522
28 5570
28 5605
28 5599
28 5710
28 5533
28 5592
28 5639
28 5739
28 5696
28 5697
28 5579
28 5719
28 5720
28 5654
28 5673
28 5538
28 5587
28 5589
28 5701
28 5747
28 5563
28 5631
28 5703
28 5562
28 5543
28 5573
28 5540
28 5727
28 5630
28 5737
28 5723
28 5721
28 5682
28 5627
28 5644
28 5541
28 5615
28 5708
28 5757
28 5529
28 5752
28 5560
28 5624
28 5714
28 5610
28 5528
28 5634
28 5544
28 5702
28 5539
28 5607
28 5545
28 5686
28 5676
28 5622
28 5732
28 5683
28 5602
28 5623
28 5659
28 5628
28 5640
28 5636
28 5620
28 5759
28 5612
28 5608
28 5666
28 5663
28 5629
28 5706
28 5597
28 5693
28 5753
28 5574
28 5758
28 5755
28 5717
28 5600
28 5694
28 5557
28 5760
28 5741
28 5546
28 5575
28 5650
28 5722
28 5690
28 5621
28 5637
28 5525
28 5625
28 5535
28 5584
28 5594
28 5645
28 5670
28 5590
28 5524
28 5667
28 5671
28 5549
28 5689
28 5685
28 5724
28 5743
28 5591
28 5657
28 5728
28 5565
28 5572
28 5734
28 5656
28 5750
28 5556
28 5611
28 5595
28 5756
28 5603
29 5998
29 5840
29 5969
29 5842
29 5831
29 5954
29 5893
29 5873
29 5794
29 5987
29 5839
29 5801
29 5963
29 5944
29 5999
29 5972
29 5884
29 5822
29 5856
29 5829
29 5857
29 5964
29 5861
29 5793
29 5843
29 5890
29 5914
29 5784
29 5949
29 5791
29 5926
29 5874
29 5762
29 5837
29 5852
29 5795
29 5952
29 5767
29 5796
29 5930
29 5786
29 5939
29 5885
29 5824
29 5859
29 5804
29 5919
29 5978
29 5906
29 5761
29 5907
29 5905
29 5931
29 5943
29 5971
29 5909
29 5956
29 5846
29 5917
29 5976
29 5866
29 5924
29 5942
29 5787
29 5789
29 5945
29 5823
29 5986
29 5910
29 5807
29 5977
29 5899
29 5785
29 5816
29 5936
29 5850
29 5826
29 5895
29 5974
29 5981
29 5860
29 5950
29 5770
29 5883
29 5772
29 5881
29 5988
29 5970
29 5817
29 5984
29 5792
29 5863
29 5847
29 5880
29 5815
29 5913
29 5764
29 5810
29 5947
29 5892
29 5845
29 5948
29 5961
29 5834
29 5898
29 5911
29 5828
29 5953
29 5991
29 5891
29 5888
29 5780
29 5811
29 5989
29 5965
29 5799
29 5809
29 5932
29 5922
29 5927
29 5903
29 5920
29 5967
29 5946
29 5889
29 5882
29 5979
29 5869
29 5803
29 5921
29 5766
29 5908
29 5879
29 5935
29 5985
29 5832
29 5940
29 5800
29 5779
29 5802
29 5771
29 5878
29 5867
29 5854
29 5806
29 5838
29 5774
29 5868
29 5918
29 5819
29 5858
29 5853
29 5997
29 5990
29 5923
29 5951
29 5851
29 5782
29 5897
29 5900
29 5996
29 5962
29 5934
29 5769
29 5957
29 5887
29 5814
29 5929
29 5896
29 5925
29 5912
29 5877
29 5982
29 5778
29 5992
29 5916
29 5993
29 5975
29 5765
29 5994
29 5959
29 5938
29 5833
29 5937
29 5980
29 5812
29 5865
29 5973
29 5870
29 5777
29 5933
29 5894
29 5825
29 5763
29 5995
29 5783
29 5805
29 5830
29 5915
29 5773
29 5872
29 5813
29 5983
29 5958
29 5775
29 5827
29 5901
29 5808
29 5836
29 5864
29 5768
29 5941
29 5798
29 5821
29 5876
29 5797
29 5875
29 5960
29 5955
29 5788
29 5968
29 5849
29 6000
29 5781
29 5790
29 5820
29 5848
29 5855
29 5776
29 5818
29 5904
29 5928
29 5902
29 5844
29 5862
29 5966
29 5886
29 5871
29 5841
29 5835
30 6045
30 6100
30 6167
30 6110
30 6213
30 6099
30 6097
30 6177
30 6152
30 6081
30 6030
30 6087
30 6149
30 6085
30 6154
30 6200
30 6235
30 6076
30 6073
30 6151
30 6193
30 6027
30 6123
30 6020
30 6066
30 6201
30 6225
30 6190
30 6205
30 6236
30 6111
30 6031
30 6118
30 6158
30 6142
30 6063
30 6016
30 6122
30 6182
30 6057
30 6194
30 6181
30 6029
30 6153
30 6094
30 6183
30 6166
30 6174
30 6187
30 6052
30 6018
30 6185
30 6214
30 6096
30 6133
30 6175
30 6088
30 6131
30 6090
30 6163
30 6221
30 6168
30 6145
30 6009
30 6043
30 6212
30 6059
30 6211
30 6203
30 6058
30 6102
30 6208
30 6024
30 6220
30 6199
30 6186
30 6148
30 6231
30 6053
30 6028
30 6223
30 6017
30 6137
30 6161
30 6164
30 6198
30 6069
30 6109
30 6141
30 6217
30 6034
30 6084
30 6079
30 6226
30 6218
30 6036
30 6128
30 6207
30 6013
30 6192
30 6104
30 6048
30 6086
30 6150
30 6007
30 6188
30 6140
30 6080
30 6044
30 6083
30 6191
30 6035
30 6065
30 6146
30 6147
30 6075
30 6144
30 6108
30 6050
30 6056
30 6125
30 6078
30 6130
30 6062
30 6210
30 6014
30 6089
30 6157
30 6195
30 6095
30 6042
30 6003
30 6120
30 6159
30 6001
30 6184
30 6119
30 6204
30 6101
30 6116
30 6023
30 6015
30 6171
30 6222
30 6025
30 6091
30 6196
30 6041
30 6032
30 6114
30 6072
30 6011
30 6055
30 6238
30 6172
30 6202
30 6106
30 6004
30 6019
30 6022
30 6206
30 6046
30 6026
30 6219
30 6239
30 6224
30 6227
30 6170
30 6092
30 6115
30 6010
30 6038
30 6178
30 6006
30 6132
30 6160
30 6173
30 6117
30 6124
30 6113
30 6064
30 6033
30 6169
30 6240
30 6093
30 6098
30 6005
30 6082
30 6012
30 6047
30 6126
30 6229
30 6067
30 6197
30 6230
30 6077
30 6156
30 6233
30 6068
30 6071
30 6143
30 6189
30 6136
30 6051
30 6228
30 6215
30 6176
30 6049
30 6209
30 6074
30 6234
30 6021
30 6103
30 6237
30 6061
30 6121
30 6037
30 6070
30 6139
30 6107
30 6060
30 6054
30 6002
30 6180
30 6112
30 6179
30 6165
30 6138
30 6008
30 6105
30 6216
30 6040
30 6134
30 6232
30 6135
30 6127
30 6129
30 6039
30 6162
30 6155
